10000
0,18
0,11
0,17
0,8
0,13
0,3
0,17
0,10
0,7
0,3
0,17
0,13
0,14
0,20
0,8
0,6
0,6
0,8
0,15
0,8
0,12
0,6
0,13
0,14
0,9
0,18
0,3
0,2
0,10
0,10
0,4
0,8
0,12
0,1
0,7
0,17
0,15
0,15
0,6
0,1
0,17
0,14
0,6
0,11
0,5
0,13
0,8
0,10
0,12
0,15
0,9
0,3
0,20
0,1
0,16
0,8
0,10
0,11
0,9
0,12
0,12
0,5
0,11
0,16
0,5
0,17
0,12
0,19
0,12
0,9
0,12
0,20
0,2
0,17
0,2
0,6
0,1
0,10
0,7
0,12
0,4
0,15
0,14
0,15
0,7
0,1
0,2
0,16
0,11
0,2
0,19
0,3
0,6
0,9
0,10
0,10
0,18
0,1
0,1
0,9
0,1
0,12
0,20
0,2
1,20
1,2
1,19
1,20
1,3
1,5
1,11
1,18
1,19
1,4
1,12
1,5
1,4
1,5
1,12
1,7
1,6
1,11
1,1
1,4
1,19
1,10
1,5
1,16
1,10
1,5
1,16
1,2
1,8
1,8
1,3
1,7
1,9
1,13
1,6
1,3
1,17
1,16
1,12
1,7
1,11
1,15
1,11
1,15
1,19
1,2
1,13
1,16
1,12
1,13
1,19
1,3
1,2
1,16
1,10
1,3
1,20
1,6
1,4
1,8
1,5
1,18
1,14
1,5
1,10
1,12
1,7
1,6
1,19
1,10
1,12
1,10
1,4
1,14
1,16
1,14
1,7
1,8
1,9
1,11
1,20
1,20
1,13
1,13
1,7
1,14
1,15
1,6
1,11
1,10
1,5
1,15
1,7
1,19
1,19
1,16
1,2
1,17
1,13
1,20
1,6
1,16
1,9
1,9
1,1
1,16
1,14
1,7
1,15
1,15
1,9
2,14
2,6
2,1
2,18
2,12
2,7
2,12
2,17
2,17
2,1
2,2
2,12
2,19
2,12
2,2
2,6
2,5
2,19
2,10
2,4
2,4
2,5
2,5
2,5
2,17
2,20
2,18
2,16
2,15
2,4
2,4
2,20
2,9
2,17
2,18
2,20
2,3
2,1
2,9
2,11
2,14
2,2
2,2
2,12
2,13
2,16
2,18
2,17
2,14
2,7
2,12
2,9
2,4
2,16
2,13
2,20
2,8
2,3
2,7
2,14
2,6
2,11
2,13
2,15
2,7
2,2
2,6
2,1
2,3
2,14
2,11
2,16
2,15
2,5
2,19
2,7
2,20
2,16
2,15
2,13
2,15
2,7
2,1
2,18
2,14
2,6
2,9
2,1
2,20
2,16
2,14
2,5
2,18
2,19
2,11
2,4
2,20
2,17
2,4
3,14
3,10
3,6
3,1
3,5
3,10
3,20
3,3
3,9
3,7
3,10
3,13
3,1
3,8
3,6
3,10
3,1
3,11
3,11
3,14
3,10
3,18
3,19
3,6
3,15
3,17
3,17
3,10
3,9
3,13
3,5
3,14
3,2
3,10
3,7
3,18
3,20
3,6
3,13
3,20
3,4
3,2
3,13
3,5
3,9
3,18
3,6
3,1
3,20
3,16
3,6
3,1
3,13
3,5
3,6
3,19
3,13
3,2
3,8
3,13
3,6
3,12
3,7
3,20
3,14
3,13
3,17
3,13
3,10
3,9
3,12
3,5
3,2
3,16
3,1
3,10
3,5
3,7
3,3
3,4
3,14
3,8
3,4
3,19
3,4
3,2
3,17
3,17
3,3
3,5
3,1
3,1
3,8
3,7
3,20
3,1
3,11
3,8
3,5
3,12
3,9
3,9
3,17
3,10
3,4
3,17
3,12
3,9
3,15
3,14
4,4
4,9
4,13
4,20
4,7
4,17
4,1
4,3
4,5
4,15
4,19
4,5
4,15
4,19
4,4
4,14
4,19
4,6
4,14
4,4
4,18
4,2
4,4
4,6
4,11
4,7
4,14
4,2
4,7
4,9
4,7
4,3
4,9
4,12
4,2
4,15
4,8
4,2
4,9
4,4
4,16
4,20
4,8
4,11
4,18
4,11
4,16
4,8
4,9
4,9
4,3
4,6
4,2
4,6
4,3
4,13
4,5
4,16
4,6
4,3
4,16
4,5
4,5
4,4
4,16
4,6
4,10
4,15
4,7
4,11
4,18
4,15
4,10
4,5
4,17
4,19
4,8
4,4
4,6
4,16
4,5
4,1
4,13
4,6
4,6
4,7
4,18
4,2
4,14
4,16
4,5
4,10
4,20
4,9
4,5
4,15
4,7
4,7
4,1
4,5
4,17
4,18
4,19
4,6
4,14
4,7
4,16
4,13
4,11
4,1
4,20
4,15
5,13
5,4
5,20
5,19
5,10
5,10
5,12
5,4
5,17
5,16
5,5
5,16
5,17
5,1
5,2
5,3
5,7
5,2
5,19
5,3
5,11
5,10
5,20
5,4
5,16
5,15
5,17
5,18
5,8
5,16
5,12
5,20
5,20
5,4
5,10
5,1
5,5
5,2
5,16
5,13
5,9
5,12
5,8
5,17
5,13
5,1
5,11
5,19
5,14
5,10
5,14
5,4
5,19
5,5
5,7
5,14
5,20
5,15
5,4
5,19
5,3
5,7
5,10
5,14
5,10
5,12
5,14
5,6
5,5
5,2
5,18
5,13
5,13
5,17
5,2
5,5
5,9
5,12
5,16
5,2
5,1
5,1
5,5
5,19
5,5
5,4
5,5
5,16
5,10
5,8
5,14
5,12
5,14
5,16
5,17
5,16
5,7
5,3
5,13
5,3
5,4
5,3
5,7
5,16
5,11
6,8
6,13
6,20
6,20
6,20
6,13
6,20
6,20
6,10
6,11
6,4
6,5
6,15
6,20
6,14
6,14
6,5
6,18
6,19
6,12
6,14
6,6
6,10
6,16
6,19
6,12
6,19
6,13
6,19
6,7
6,3
6,6
6,19
6,14
6,5
6,18
6,7
6,17
6,9
6,16
6,7
6,12
6,12
6,13
6,3
6,5
6,6
6,20
6,2
6,16
6,11
6,8
6,2
6,13
6,3
6,12
6,4
6,14
6,4
6,2
6,20
6,18
6,20
6,10
6,12
6,4
6,19
6,10
6,20
6,7
6,17
6,18
6,10
6,8
6,10
6,13
6,4
6,7
6,4
6,18
6,3
6,6
6,5
6,16
6,18
6,19
6,19
6,2
6,12
6,2
6,15
6,3
6,11
6,14
6,4
6,14
7,10
7,2
7,3
7,1
7,8
7,11
7,19
7,18
7,18
7,20
7,2
7,14
7,7
7,5
7,11
7,1
7,2
7,15
7,8
7,20
7,13
7,6
7,13
7,17
7,19
7,7
7,11
7,1
7,1
7,15
7,15
7,2
7,8
7,9
7,2
7,16
7,20
7,12
7,5
7,9
7,12
7,18
7,2
7,10
7,2
7,4
7,2
7,3
7,18
7,9
7,14
7,3
7,6
7,6
7,19
7,4
7,13
7,1
7,16
7,5
7,15
7,10
7,18
7,3
7,11
7,19
7,10
7,10
7,11
7,6
7,10
7,2
7,3
7,4
7,3
7,16
7,7
7,4
7,10
7,17
7,12
7,4
7,19
7,17
7,1
7,9
7,12
7,5
7,1
7,7
7,1
7,8
7,9
7,18
7,2
7,19
7,17
8,11
8,20
8,19
8,8
8,1
8,12
8,10
8,4
8,14
8,17
8,3
8,17
8,6
8,11
8,8
8,1
8,9
8,16
8,2
8,9
8,19
8,18
8,9
8,17
8,19
8,16
8,17
8,16
8,9
8,15
8,4
8,19
8,6
8,2
8,18
8,7
8,13
8,19
8,2
8,6
8,15
8,4
8,2
8,13
8,14
8,1
8,5
8,14
8,8
8,18
8,14
8,18
8,16
8,15
8,7
8,14
8,2
8,3
8,1
8,11
8,10
8,5
8,1
8,15
8,6
8,19
8,1
8,19
8,17
8,3
8,16
8,4
8,18
8,18
8,16
8,4
8,10
8,20
8,9
8,10
8,18
8,3
8,7
8,13
8,17
8,13
8,18
8,10
8,16
8,18
8,20
8,5
8,2
8,1
8,11
8,20
8,19
8,12
8,18
8,7
8,6
8,5
8,10
8,3
8,14
8,5
8,18
8,4
8,17
9,7
9,13
9,14
9,9
9,11
9,18
9,17
9,4
9,15
9,6
9,11
9,12
9,18
9,7
9,6
9,18
9,17
9,5
9,8
9,20
9,14
9,6
9,5
9,18
9,8
9,20
9,12
9,12
9,17
9,7
9,20
9,15
9,19
9,5
9,15
9,9
9,2
9,3
9,4
9,8
9,1
9,14
9,20
9,18
9,12
9,17
9,7
9,9
9,1
9,6
9,20
9,6
9,11
9,5
9,3
9,18
9,16
9,6
9,2
9,4
9,12
9,13
9,11
9,2
9,18
9,5
9,3
9,19
9,8
9,6
9,7
9,8
9,12
9,18
9,5
9,15
9,6
9,3
9,15
9,18
9,8
9,15
9,3
9,10
9,11
9,17
9,20
9,6
9,3
9,1
9,1
9,6
9,13
9,11
9,20
9,2
9,16
9,2
9,1
9,15
9,19
9,19
9,14
9,10
9,16
9,10
9,17
9,13
9,12
9,11
9,10
9,19
9,5
9,12
9,20
9,15
9,20
9,19
9,12
9,2
9,11
9,5
9,20
9,4
10,15
10,19
10,5
10,2
10,12
10,17
10,8
10,10
10,15
10,1
10,12
10,2
10,10
10,8
10,14
10,1
10,18
10,15
10,11
10,3
10,6
10,11
10,9
10,6
10,1
10,13
10,19
10,12
10,17
10,10
10,7
10,3
10,20
10,3
10,17
10,11
10,20
10,4
10,1
10,6
10,5
10,4
10,20
10,14
10,11
10,5
10,7
10,8
10,20
10,9
10,2
10,17
10,19
10,3
10,14
10,12
10,15
10,5
10,3
10,3
10,14
10,9
10,5
10,6
10,11
10,1
10,16
10,2
10,17
10,8
10,8
10,1
10,11
10,19
10,6
10,13
10,3
10,4
10,13
10,14
10,13
10,14
10,11
10,3
10,8
10,16
10,14
10,14
10,20
10,8
10,16
10,6
10,16
10,13
10,11
10,7
10,5
10,18
10,20
10,1
10,18
10,7
10,13
10,8
10,17
10,11
10,1
10,20
10,14
10,13
10,5
10,18
10,18
11,15
11,13
11,18
11,3
11,18
11,11
11,2
11,6
11,19
11,19
11,1
11,3
11,1
11,19
11,7
11,19
11,19
11,8
11,16
11,17
11,12
11,15
11,14
11,2
11,7
11,5
11,8
11,11
11,9
11,17
11,1
11,16
11,9
11,18
11,18
11,7
11,20
11,11
11,12
11,10
11,10
11,4
11,12
11,10
11,3
11,19
11,20
11,1
11,18
11,7
11,9
11,9
11,14
11,2
11,3
11,20
11,18
11,10
11,11
11,7
11,6
11,3
11,2
11,7
11,12
11,19
11,13
11,11
11,9
11,16
11,13
11,10
11,19
11,4
11,12
11,1
11,14
11,11
11,13
11,11
11,18
11,14
11,12
11,11
11,7
11,14
11,2
11,5
11,15
11,4
11,11
11,12
11,6
11,4
11,18
11,17
11,14
11,2
11,20
11,14
11,9
11,12
11,4
11,8
11,15
11,15
11,20
11,9
11,17
11,5
11,11
12,6
12,18
12,2
12,8
12,4
12,7
12,10
12,8
12,13
12,13
12,10
12,17
12,11
12,5
12,6
12,7
12,10
12,8
12,18
12,4
12,8
12,9
12,19
12,15
12,16
12,5
12,15
12,4
12,1
12,19
12,6
12,7
12,8
12,20
12,14
12,11
12,18
12,15
12,11
12,11
12,8
12,12
12,7
12,10
12,17
12,12
12,16
12,18
12,11
12,14
12,1
12,19
12,14
12,19
12,5
12,9
12,15
12,11
12,4
12,16
12,9
12,10
12,14
12,8
12,9
12,7
12,19
12,18
12,14
12,1
12,8
12,1
12,12
12,6
12,2
12,20
12,10
12,17
12,18
12,20
12,2
12,10
12,10
12,8
12,1
12,15
12,16
12,15
13,5
13,20
13,10
13,6
13,1
13,3
13,13
13,1
13,2
13,3
13,18
13,15
13,3
13,18
13,7
13,7
13,3
13,20
13,18
13,12
13,16
13,15
13,4
13,10
13,5
13,5
13,17
13,5
13,11
13,4
13,11
13,16
13,15
13,1
13,13
13,15
13,15
13,17
13,7
13,8
13,12
13,5
13,14
13,14
13,2
13,12
13,12
13,16
13,11
13,10
13,8
13,19
13,4
13,3
13,20
13,20
13,7
13,8
13,16
13,18
13,11
13,7
13,5
13,6
13,19
13,9
13,12
13,13
13,5
13,19
13,13
13,16
13,3
13,6
13,2
13,16
13,10
13,13
13,11
13,20
13,2
13,10
14,10
14,18
14,4
14,9
14,9
14,11
14,16
14,5
14,20
14,7
14,3
14,4
14,4
14,1
14,4
14,7
14,5
14,8
14,5
14,17
14,16
14,19
14,15
14,9
14,14
14,4
14,1
14,17
14,15
14,15
14,18
14,5
14,4
14,2
14,13
14,12
14,4
14,1
14,8
14,3
14,19
14,10
14,18
14,2
14,10
14,1
14,8
14,15
14,20
14,5
14,3
14,15
14,3
14,17
14,3
14,9
14,12
14,16
14,17
14,7
14,2
14,6
14,3
14,5
14,7
14,15
14,16
14,10
14,7
14,16
14,4
14,5
14,5
14,1
14,18
14,7
14,13
14,18
14,13
14,13
14,2
14,15
14,19
14,16
14,4
14,14
14,16
14,15
14,9
14,12
14,13
14,2
14,18
14,15
14,6
14,16
14,2
14,13
14,18
14,20
14,8
14,1
14,5
14,5
14,14
14,2
14,11
14,6
14,19
14,3
14,10
14,12
14,17
14,9
14,8
14,12
15,2
15,3
15,7
15,2
15,7
15,11
15,3
15,16
15,18
15,8
15,11
15,11
15,12
15,20
15,10
15,20
15,13
15,6
15,4
15,6
15,8
15,14
15,3
15,18
15,8
15,13
15,10
15,4
15,13
15,17
15,16
15,14
15,11
15,14
15,15
15,17
15,16
15,17
15,12
15,5
15,16
15,15
15,15
15,7
15,14
15,17
15,18
15,6
15,2
15,13
15,3
15,9
15,18
15,18
15,7
15,5
15,2
15,8
15,1
15,14
15,4
15,8
15,7
15,14
15,1
15,13
15,3
15,8
15,9
15,6
15,13
15,16
15,20
15,19
15,2
15,6
15,15
15,12
15,11
15,9
15,4
15,6
15,17
15,2
15,3
15,15
15,6
15,4
15,2
15,6
15,17
15,17
15,5
15,15
15,3
15,17
15,7
15,5
15,5
15,7
15,10
15,9
16,2
16,2
16,7
16,15
16,7
16,14
16,6
16,9
16,2
16,10
16,6
16,10
16,3
16,8
16,17
16,20
16,3
16,10
16,18
16,11
16,7
16,2
16,5
16,1
16,19
16,3
16,5
16,3
16,9
16,6
16,11
16,2
16,19
16,9
16,17
16,5
16,2
16,14
16,6
16,15
16,3
16,11
16,5
16,17
16,11
16,1
16,17
16,5
16,10
16,14
16,16
16,8
16,15
16,20
16,8
16,13
16,15
16,12
16,7
16,3
16,10
16,9
16,17
16,8
16,18
16,13
16,5
16,11
16,18
16,2
16,6
16,13
16,4
16,10
16,9
16,6
16,2
16,5
16,11
16,11
16,18
16,6
16,19
16,5
16,17
16,18
16,17
16,11
16,2
16,16
16,6
16,11
16,4
16,2
16,10
16,13
16,6
16,6
16,4
16,3
16,19
16,1
16,7
17,3
17,10
17,16
17,8
17,3
17,20
17,10
17,5
17,10
17,15
17,3
17,14
17,4
17,13
17,2
17,14
17,14
17,17
17,11
17,4
17,1
17,4
17,5
17,13
17,1
17,3
17,8
17,4
17,1
17,8
17,10
17,3
17,9
17,17
17,3
17,11
17,17
17,12
17,16
17,18
17,19
17,10
17,11
17,2
17,2
17,12
17,7
17,15
17,9
17,18
17,10
17,1
17,1
17,15
17,13
17,2
17,17
17,1
17,17
17,17
17,8
17,18
17,12
17,17
17,7
17,6
17,19
17,3
17,9
17,14
17,12
17,7
17,4
17,2
17,8
17,17
17,5
17,7
17,12
17,13
17,4
17,1
17,13
17,16
17,7
17,18
17,9
17,15
17,18
17,17
17,4
17,17
17,7
17,15
17,5
17,13
17,12
17,4
17,15
17,20
17,17
17,6
17,7
17,12
17,19
17,6
17,9
18,3
18,12
18,12
18,8
18,7
18,12
18,12
18,15
18,11
18,9
18,3
18,5
18,18
18,12
18,8
18,15
18,18
18,14
18,11
18,10
18,5
18,14
18,16
18,5
18,3
18,13
18,3
18,6
18,11
18,8
18,14
18,5
18,12
18,17
18,12
18,18
18,1
18,16
18,4
18,11
18,4
18,19
18,15
18,14
18,10
18,15
18,20
18,7
18,20
18,10
18,16
18,5
18,16
18,3
18,1
18,18
18,15
18,3
18,15
18,17
18,10
18,1
18,1
18,13
18,17
18,5
18,3
18,17
18,20
18,6
18,7
18,15
18,4
18,14
18,20
18,13
18,20
18,19
18,11
18,19
18,9
18,18
18,3
18,16
19,20
19,15
19,5
19,14
19,17
19,19
19,10
19,19
19,19
19,3
19,11
19,16
19,19
19,5
19,4
19,10
19,11
19,11
19,4
19,6
19,16
19,16
19,11
19,15
19,14
19,1
19,5
19,14
19,19
19,20
19,9
19,18
19,14
19,13
19,4
19,11
19,4
19,5
19,1
19,2
19,7
19,3
19,9
19,17
19,8
19,13
19,6
19,10
19,15
19,2
19,15
19,10
19,17
19,17
19,16
19,10
19,18
19,20
19,16
19,8
19,19
19,4
19,17
19,13
19,9
19,20
19,15
19,12
19,17
19,7
19,13
19,15
19,9
19,14
19,12
19,8
19,6
19,17
19,17
19,20
19,10
19,4
19,9
19,6
19,20
19,16
19,8
19,9
19,15
19,3
19,16
19,14
19,18
19,5
19,18
19,6
19,16
19,4
19,9
19,12
19,10
19,14
19,7
19,18
19,7
19,18
20,6
20,4
20,6
20,14
20,3
20,16
20,17
20,3
20,13
20,9
20,18
20,12
20,9
20,12
20,14
20,5
20,17
20,4
20,1
20,6
20,1
20,16
20,9
20,10
20,8
20,18
20,15
20,14
20,16
20,1
20,3
20,13
20,4
20,8
20,18
20,18
20,15
20,15
20,20
20,8
20,15
20,9
20,19
20,3
20,12
20,5
20,19
20,1
20,20
20,19
20,6
20,20
20,7
20,15
20,1
20,14
20,12
20,15
20,19
20,19
20,7
20,13
20,11
20,2
20,20
20,9
20,19
20,7
20,15
20,10
20,6
20,1
20,10
20,4
20,3
20,2
20,20
20,14
20,2
20,11
20,4
20,7
20,11
20,10
20,1
20,3
20,3
20,5
20,10
20,13
20,3
20,16
21,5
21,6
21,10
21,17
21,6
21,8
21,3
21,12
21,10
21,8
21,12
21,19
21,3
21,6
21,12
21,15
21,19
21,13
21,5
21,3
21,12
21,7
21,12
21,4
21,2
21,7
21,8
21,11
21,11
21,11
21,18
21,16
21,16
21,7
21,4
21,13
21,7
21,6
21,4
21,8
21,5
21,15
21,6
21,7
21,12
21,10
21,1
21,11
21,2
21,18
21,5
21,5
21,4
21,16
21,9
21,5
21,14
21,16
21,7
21,5
21,18
21,5
21,12
21,5
21,3
21,15
21,17
21,1
21,12
21,20
21,8
21,16
21,6
21,6
21,2
21,18
21,15
21,15
21,20
21,8
21,12
21,4
21,13
21,7
21,11
21,13
21,12
21,5
21,8
21,10
21,1
21,6
21,14
21,12
21,2
21,17
21,18
21,19
22,9
22,9
22,10
22,17
22,4
22,16
22,2
22,17
22,5
22,8
22,11
22,4
22,15
22,14
22,7
22,19
22,13
22,17
22,11
22,16
22,13
22,19
22,5
22,5
22,16
22,19
22,16
22,9
22,7
22,5
22,7
22,15
22,13
22,17
22,3
22,8
22,4
22,16
22,5
22,20
22,3
22,7
22,3
22,18
22,1
22,1
22,8
22,13
22,9
22,19
22,8
22,2
22,9
22,4
22,6
22,4
22,2
22,14
22,4
22,20
22,10
22,11
22,7
22,3
22,19
22,9
22,10
22,14
22,5
22,6
22,13
22,19
22,13
22,7
22,16
22,5
22,7
22,4
22,9
22,15
22,14
22,8
22,8
22,2
23,11
23,6
23,17
23,13
23,11
23,20
23,4
23,20
23,2
23,10
23,2
23,20
23,11
23,4
23,5
23,7
23,9
23,17
23,5
23,13
23,3
23,13
23,17
23,1
23,8
23,5
23,16
23,1
23,12
23,15
23,2
23,3
23,20
23,10
23,7
23,10
23,9
23,10
23,2
23,11
23,12
23,3
23,2
23,14
23,18
23,7
23,20
23,19
23,3
23,16
23,11
23,18
23,8
23,8
23,18
23,7
23,12
23,5
23,7
23,4
23,12
23,20
23,18
23,11
23,9
23,4
23,13
23,10
23,5
23,14
23,20
23,8
23,8
23,1
23,1
23,18
23,19
23,12
23,16
23,14
23,8
23,6
23,11
23,7
23,13
23,20
23,14
23,17
23,17
23,12
23,12
23,8
23,12
23,9
23,10
24,12
24,12
24,2
24,1
24,8
24,7
24,12
24,16
24,7
24,5
24,8
24,4
24,3
24,20
24,19
24,16
24,19
24,4
24,18
24,17
24,9
24,18
24,10
24,5
24,14
24,14
24,16
24,1
24,17
24,16
24,10
24,8
24,19
24,4
24,1
24,6
24,2
24,4
24,1
24,8
24,8
24,1
24,11
24,11
24,20
24,9
24,18
24,18
24,5
24,16
24,14
24,13
24,13
24,16
24,9
24,18
24,1
24,16
24,10
24,17
24,11
24,11
24,16
24,9
24,6
24,8
24,6
24,8
24,12
24,19
24,15
24,19
24,19
24,6
24,1
24,10
24,6
24,19
24,19
24,10
24,14
24,4
24,14
24,18
24,19
24,2
24,7
24,19
24,9
24,16
24,7
24,11
24,18
24,3
24,11
24,4
24,10
24,17
24,11
24,13
24,15
24,5
24,12
24,5
24,2
25,4
25,14
25,8
25,2
25,12
25,9
25,7
25,15
25,3
25,16
25,6
25,16
25,2
25,16
25,17
25,9
25,3
25,7
25,7
25,17
25,18
25,10
25,18
25,14
25,20
25,11
25,20
25,16
25,14
25,16
25,10
25,17
25,9
25,9
25,11
25,12
25,17
25,9
25,6
25,11
25,17
25,3
25,19
25,10
25,19
25,15
25,19
25,13
25,1
25,5
25,1
25,18
25,6
25,18
25,3
25,17
25,20
25,14
25,4
25,13
25,9
25,13
25,2
25,17
25,1
25,12
25,20
25,10
25,12
25,18
25,20
25,8
25,20
25,18
25,18
25,10
25,4
25,16
25,14
25,5
25,12
25,14
25,14
25,9
25,4
25,17
25,17
25,15
25,10
25,20
25,20
25,11
25,5
25,1
25,19
25,5
25,4
26,19
26,6
26,15
26,16
26,6
26,15
26,7
26,15
26,12
26,17
26,19
26,19
26,2
26,15
26,2
26,8
26,8
26,2
26,3
26,16
26,18
26,17
26,18
26,17
26,16
26,8
26,1
26,16
26,18
26,18
26,19
26,16
26,3
26,6
26,3
26,20
26,20
26,10
26,7
26,3
26,18
26,17
26,1
26,19
26,11
26,14
26,6
26,10
26,15
26,8
26,18
26,12
26,17
26,15
26,20
26,12
26,14
26,13
26,20
26,11
26,10
26,18
26,19
26,4
26,15
26,1
26,16
26,14
26,10
26,2
26,16
26,19
26,18
26,8
26,18
26,20
26,1
26,15
26,9
26,15
26,15
26,6
26,18
26,11
26,12
26,18
26,14
26,17
26,10
27,13
27,20
27,11
27,3
27,18
27,6
27,17
27,10
27,1
27,3
27,12
27,14
27,10
27,10
27,3
27,10
27,7
27,2
27,10
27,14
27,11
27,17
27,8
27,8
27,6
27,10
27,12
27,3
27,3
27,8
27,4
27,8
27,7
27,6
27,10
27,16
27,12
27,18
27,6
27,4
27,12
27,9
27,18
27,2
27,18
27,12
27,3
27,17
27,14
27,12
27,10
27,16
27,20
27,9
27,3
27,18
27,10
27,6
27,12
27,4
27,14
27,16
27,11
27,12
27,13
27,12
27,20
27,16
27,10
27,17
27,20
27,1
27,5
27,9
27,14
27,2
27,20
27,16
27,18
27,5
27,20
27,19
27,20
27,11
27,19
27,15
27,8
27,8
27,20
27,20
27,12
27,5
27,7
27,14
27,17
27,19
27,6
27,8
27,15
27,15
27,4
27,6
27,7
27,20
27,14
27,13
27,13
27,5
27,8
27,11
28,10
28,19
28,1
28,1
28,10
28,20
28,15
28,9
28,7
28,15
28,8
28,10
28,19
28,14
28,4
28,7
28,5
28,9
28,14
28,19
28,15
28,9
28,4
28,1
28,8
28,9
28,13
28,1
28,5
28,13
28,3
28,6
28,11
28,15
28,7
28,12
28,14
28,1
28,1
28,13
28,7
28,8
28,2
28,6
28,14
28,5
28,4
28,18
28,13
28,18
28,8
28,19
28,18
28,3
28,20
28,18
28,3
28,4
28,10
28,7
28,8
28,12
28,5
28,11
28,6
28,11
28,2
28,12
28,11
28,14
28,4
28,18
28,14
28,5
28,15
28,19
28,2
28,18
28,8
28,6
28,7
28,15
28,5
28,5
28,9
28,16
28,2
28,11
28,11
28,3
28,9
28,19
28,14
28,13
28,1
28,11
29,15
29,14
29,14
29,6
29,8
29,17
29,15
29,1
29,14
29,9
29,19
29,7
29,18
29,6
29,12
29,5
29,12
29,16
29,1
29,20
29,3
29,14
29,2
29,14
29,16
29,2
29,4
29,1
29,7
29,4
29,3
29,13
29,17
29,17
29,10
29,4
29,5
29,4
29,16
29,10
29,4
29,6
29,16
29,14
29,3
29,8
29,18
29,14
29,15
29,10
29,5
29,18
29,3
29,18
29,11
29,10
29,12
29,14
29,10
29,10
29,17
29,12
29,2
29,5
29,20
29,12
29,9
29,5
29,15
29,16
29,6
29,11
29,2
29,2
29,4
29,4
29,9
29,13
29,10
29,3
29,2
29,6
29,12
29,16
29,4
29,2
29,5
29,7
29,7
29,6
29,16
30,3
30,9
30,17
30,20
30,1
30,8
30,8
30,5
30,15
30,15
30,2
30,17
30,16
30,3
30,20
30,12
30,3
30,4
30,1
30,18
30,17
30,6
30,9
30,12
30,1
30,11
30,8
30,7
30,9
30,5
30,2
30,4
30,13
30,11
30,3
30,13
30,10
30,10
30,9
30,4
30,4
30,11
30,12
30,12
30,5
30,3
30,3
30,8
30,6
30,15
30,5
30,2
30,20
30,13
30,5
30,13
30,15
30,12
30,19
30,4
30,16
30,13
30,7
30,1
30,3
30,9
30,5
30,12
30,10
30,6
30,8
30,5
30,16
30,19
30,8
30,12
30,2
30,10
30,19
30,19
30,16
30,15
30,1
30,8
30,8
30,5
30,20
30,14
30,9
30,10
30,17
30,4
30,2
30,15
30,16
30,4
30,15
30,1
30,8
30,4
31,6
31,15
31,1
31,13
31,13
31,8
31,4
31,6
31,10
31,15
31,5
31,5
31,9
31,17
31,12
31,8
31,1
31,3
31,2
31,9
31,13
31,10
31,5
31,14
31,17
31,20
31,10
31,11
31,12
31,17
31,7
31,17
31,11
31,7
31,1
31,15
31,6
31,17
31,1
31,15
31,11
31,17
31,12
31,19
31,13
31,15
31,19
31,5
31,18
31,20
31,14
31,10
31,1
31,10
31,3
31,17
31,9
31,12
31,8
31,1
31,20
31,6
31,9
31,10
31,4
31,10
31,5
31,9
31,6
31,17
31,16
31,8
31,5
31,7
31,18
31,17
31,1
31,16
31,1
31,18
31,15
31,6
31,19
31,16
31,15
31,14
31,12
31,16
31,17
31,11
31,16
31,17
31,16
31,16
31,6
31,19
31,17
31,2
31,20
31,14
31,10
31,15
31,1
31,14
31,13
31,19
32,2
32,13
32,14
32,3
32,3
32,1
32,20
32,13
32,8
32,15
32,6
32,11
32,10
32,3
32,2
32,17
32,11
32,9
32,12
32,16
32,20
32,1
32,10
32,19
32,14
32,19
32,5
32,15
32,5
32,17
32,13
32,6
32,1
32,18
32,20
32,15
32,18
32,20
32,8
32,17
32,6
32,5
32,8
32,7
32,19
32,9
32,3
32,9
32,9
32,6
32,17
32,8
32,6
32,6
32,18
32,20
32,16
32,14
32,6
32,12
32,10
32,10
32,18
32,3
32,7
32,9
32,9
32,17
32,20
32,8
32,13
32,5
32,13
32,20
32,11
32,3
32,20
32,5
32,12
32,1
32,3
32,20
32,20
32,20
32,17
32,18
32,11
32,12
32,11
32,16
32,4
32,13
32,5
32,13
32,7
32,4
32,1
32,15
32,20
32,1
32,3
32,4
32,17
32,7
32,4
33,20
33,9
33,15
33,16
33,12
33,15
33,10
33,11
33,15
33,10
33,7
33,4
33,12
33,11
33,14
33,8
33,6
33,18
33,4
33,18
33,16
33,7
33,10
33,11
33,18
33,2
33,5
33,2
33,11
33,11
33,17
33,10
33,19
33,11
33,5
33,11
33,6
33,15
33,13
33,12
33,16
33,20
33,15
33,7
33,2
33,20
33,6
33,7
33,18
33,10
33,16
33,13
33,8
33,17
33,15
33,18
33,19
33,19
33,19
33,9
33,9
33,7
33,10
33,20
33,17
33,6
33,2
33,14
33,12
33,14
33,5
33,7
33,5
33,11
33,6
33,6
33,11
33,11
33,12
33,20
33,12
33,19
33,4
33,20
33,16
33,19
33,17
33,14
33,17
33,7
33,14
33,18
34,13
34,15
34,17
34,1
34,20
34,10
34,7
34,12
34,3
34,3
34,10
34,20
34,14
34,15
34,5
34,4
34,6
34,9
34,15
34,17
34,7
34,18
34,8
34,2
34,16
34,16
34,7
34,5
34,2
34,12
34,2
34,6
34,6
34,10
34,19
34,18
34,19
34,5
34,9
34,13
34,19
34,18
34,12
34,12
34,13
34,17
34,7
34,10
34,17
34,1
34,6
34,3
34,19
34,14
34,17
34,6
34,1
34,15
34,10
34,3
34,19
34,3
34,20
34,4
34,12
34,18
34,1
34,10
34,14
34,1
34,3
34,5
34,19
34,6
34,8
34,3
34,2
34,15
34,12
34,18
34,7
34,9
34,13
34,17
34,14
34,1
34,15
34,15
34,15
34,4
34,17
34,13
34,7
34,8
34,9
34,10
34,18
34,1
34,20
35,11
35,14
35,14
35,15
35,12
35,19
35,3
35,6
35,13
35,9
35,17
35,2
35,7
35,5
35,6
35,16
35,19
35,6
35,10
35,13
35,13
35,5
35,1
35,17
35,3
35,20
35,5
35,13
35,17
35,18
35,4
35,8
35,11
35,9
35,14
35,14
35,19
35,8
35,11
35,3
35,8
35,7
35,5
35,7
35,3
35,10
35,2
35,13
35,8
35,3
35,17
35,20
35,19
35,9
35,16
35,2
35,9
35,13
35,6
35,5
35,2
35,1
35,4
35,4
35,1
35,10
35,9
35,19
35,17
35,19
35,2
35,17
35,17
35,18
35,3
35,19
35,19
35,4
35,4
35,6
35,18
35,12
35,17
35,8
35,1
35,5
35,1
35,1
35,9
35,6
35,5
35,10
36,18
36,1
36,13
36,18
36,10
36,13
36,17
36,18
36,11
36,10
36,14
36,7
36,19
36,16
36,5
36,17
36,11
36,20
36,15
36,20
36,12
36,3
36,8
36,4
36,7
36,8
36,4
36,15
36,6
36,8
36,16
36,3
36,20
36,20
36,1
36,1
36,12
36,9
36,19
36,2
36,10
36,4
36,8
36,8
36,20
36,5
36,16
36,2
36,16
36,2
36,2
36,7
36,17
36,1
36,10
36,3
36,8
36,13
36,10
36,13
36,13
36,17
36,8
36,4
36,17
36,20
36,5
36,20
36,8
36,3
36,14
36,9
36,6
36,13
36,8
36,17
36,17
36,15
36,11
36,5
36,17
36,4
36,11
36,13
36,4
36,13
36,7
36,11
36,17
36,8
36,16
36,1
36,5
37,3
37,5
37,13
37,14
37,9
37,4
37,1
37,3
37,17
37,1
37,20
37,10
37,20
37,9
37,18
37,14
37,19
37,2
37,2
37,2
37,5
37,6
37,5
37,17
37,5
37,7
37,5
37,12
37,14
37,6
37,8
37,8
37,2
37,20
37,1
37,10
37,16
37,13
37,4
37,12
37,5
37,3
37,1
37,4
37,11
37,11
37,18
37,1
37,12
37,19
37,2
37,16
37,17
37,18
37,4
37,1
37,17
37,1
37,12
37,10
37,6
37,12
37,10
37,7
37,3
37,10
37,8
37,18
37,15
37,3
37,10
37,19
37,5
37,2
37,3
37,8
37,12
37,12
37,8
37,4
37,10
37,2
37,11
37,18
37,19
37,7
37,18
37,15
37,7
37,2
37,17
37,4
37,13
37,6
37,2
37,15
37,7
38,1
38,13
38,13
38,3
38,14
38,12
38,19
38,15
38,6
38,18
38,7
38,17
38,6
38,2
38,18
38,19
38,12
38,16
38,9
38,10
38,13
38,4
38,16
38,14
38,12
38,11
38,18
38,9
38,4
38,13
38,15
38,4
38,17
38,20
38,18
38,10
38,11
38,17
38,4
38,16
38,14
38,10
38,12
38,11
38,11
38,9
38,1
38,15
38,16
38,10
38,4
38,9
38,13
38,12
38,14
38,16
38,14
38,4
38,4
38,18
38,16
38,10
38,13
38,4
38,9
38,11
38,13
38,11
38,19
38,8
38,6
38,4
38,18
38,9
38,7
38,20
38,10
38,7
38,6
38,5
38,16
38,10
38,5
38,20
38,13
38,11
38,15
38,6
38,14
38,10
38,15
38,1
38,12
38,8
39,4
39,12
39,10
39,8
39,3
39,20
39,15
39,20
39,3
39,12
39,9
39,9
39,4
39,10
39,8
39,9
39,14
39,3
39,10
39,11
39,15
39,2
39,1
39,1
39,20
39,6
39,11
39,6
39,6
39,14
39,13
39,1
39,5
39,14
39,8
39,7
39,13
39,2
39,19
39,8
39,6
39,19
39,8
39,1
39,8
39,15
39,9
39,13
39,10
39,11
39,3
39,4
39,4
39,15
39,4
39,3
39,20
39,6
39,9
39,5
39,19
39,13
39,5
39,4
39,19
39,4
39,2
39,3
39,6
39,20
39,2
39,3
39,18
39,10
39,3
39,5
39,16
39,3
39,10
39,17
39,13
39,12
39,20
39,17
39,7
39,16
39,11
39,18
39,13
39,11
40,3
40,12
40,16
40,19
40,7
40,6
40,15
40,20
40,8
40,20
40,20
40,2
40,2
40,9
40,3
40,16
40,6
40,18
40,18
40,15
40,15
40,3
40,18
40,6
40,11
40,16
40,13
40,13
40,14
40,18
40,4
40,8
40,9
40,11
40,18
40,7
40,16
40,12
40,6
40,15
40,3
40,17
40,16
40,16
40,18
40,18
40,11
40,3
40,8
40,1
40,9
40,14
40,3
40,6
40,11
40,13
40,14
40,16
40,5
40,19
40,13
40,20
40,6
40,13
40,10
40,15
40,11
40,17
40,7
40,8
40,4
40,9
40,5
40,11
40,17
40,14
40,1
40,7
40,8
40,8
40,7
40,16
40,13
40,1
40,13
40,15
40,5
40,18
40,10
40,10
40,16
40,14
40,1
40,13
40,6
40,3
40,8
40,8
40,19
40,14
40,16
40,14
40,14
40,12
40,5
40,10
40,5
40,5
40,9
40,12
41,4
41,7
41,7
41,8
41,8
41,11
41,2
41,12
41,9
41,4
41,13
41,4
41,17
41,14
41,17
41,15
41,16
41,16
41,2
41,6
41,1
41,17
41,20
41,14
41,8
41,16
41,16
41,4
41,20
41,16
41,15
41,15
41,2
41,13
41,2
41,1
41,16
41,3
41,13
41,4
41,18
41,17
41,19
41,15
41,2
41,7
41,1
41,17
41,2
41,2
41,15
41,2
41,11
41,6
41,8
41,18
41,1
41,3
41,2
41,12
41,10
41,8
41,6
41,11
41,1
41,19
41,12
41,8
41,13
41,16
41,11
41,11
41,12
41,1
41,17
41,14
41,8
41,17
41,2
41,9
41,18
41,8
41,11
41,8
41,5
41,18
41,18
41,5
41,12
41,11
41,8
41,1
41,18
41,13
41,3
41,10
42,3
42,14
42,17
42,16
42,1
42,19
42,6
42,5
42,20
42,2
42,10
42,7
42,10
42,3
42,15
42,7
42,3
42,17
42,7
42,7
42,14
42,4
42,12
42,17
42,14
42,19
42,17
42,3
42,4
42,20
42,13
42,18
42,5
42,1
42,13
42,18
42,20
42,10
42,14
42,19
42,3
42,3
42,5
42,12
42,17
42,11
42,11
42,19
42,8
42,17
42,6
42,13
42,20
42,9
42,10
42,5
42,7
42,18
42,7
42,2
42,9
42,11
42,12
42,6
42,12
42,4
42,3
42,11
42,6
42,16
42,1
42,8
42,10
42,5
42,20
42,6
42,7
42,10
42,17
42,14
42,18
42,2
42,19
42,9
42,10
42,8
42,13
42,8
42,17
42,11
42,2
42,6
42,2
42,13
42,11
42,5
42,16
42,5
42,7
42,1
42,12
42,7
42,1
42,1
42,3
42,12
42,18
42,9
43,13
43,14
43,15
43,10
43,15
43,13
43,18
43,16
43,12
43,2
43,4
43,8
43,4
43,17
43,5
43,5
43,9
43,15
43,1
43,16
43,19
43,7
43,9
43,10
43,13
43,9
43,2
43,15
43,12
43,20
43,16
43,4
43,5
43,10
43,13
43,12
43,14
43,2
43,7
43,5
43,15
43,2
43,4
43,18
43,18
43,9
43,15
43,18
43,15
43,15
43,14
43,14
43,14
43,2
43,15
43,6
43,2
43,9
43,13
43,13
43,20
43,8
43,16
43,4
43,17
43,20
43,15
43,2
43,13
43,14
43,18
43,7
43,7
43,1
43,16
43,17
43,1
43,10
43,14
43,16
43,17
43,7
43,1
43,10
43,20
43,7
43,15
43,1
43,15
43,19
43,13
43,14
43,6
43,20
43,10
43,14
43,19
43,16
43,15
43,3
43,1
43,12
43,9
43,8
43,5
43,5
43,4
43,5
43,6
43,9
43,12
44,2
44,8
44,4
44,3
44,7
44,11
44,10
44,20
44,17
44,8
44,4
44,3
44,14
44,4
44,12
44,19
44,14
44,7
44,14
44,9
44,8
44,5
44,17
44,7
44,1
44,13
44,2
44,6
44,11
44,10
44,9
44,4
44,9
44,13
44,7
44,16
44,15
44,8
44,7
44,3
44,15
44,10
44,5
44,20
44,5
44,16
44,19
44,11
44,15
44,4
44,19
44,14
44,8
44,7
44,20
44,1
44,12
44,13
44,18
44,2
44,2
44,6
44,17
44,11
44,10
44,3
44,18
44,4
44,2
44,16
44,7
44,17
44,5
44,3
44,8
44,2
44,11
44,6
44,4
44,5
44,9
44,2
44,10
44,9
44,20
44,9
44,9
44,11
44,1
44,6
44,4
44,14
44,3
44,1
44,16
44,13
44,15
44,5
44,8
44,17
44,20
45,6
45,5
45,17
45,9
45,12
45,10
45,19
45,10
45,13
45,15
45,10
45,14
45,4
45,18
45,13
45,4
45,18
45,16
45,16
45,15
45,19
45,9
45,10
45,11
45,17
45,2
45,6
45,13
45,9
45,14
45,13
45,15
45,18
45,1
45,15
45,1
45,10
45,13
45,10
45,2
45,7
45,20
45,7
45,10
45,9
45,11
45,13
45,19
45,6
45,8
45,13
45,17
45,8
45,2
45,7
45,16
45,15
45,4
45,9
45,16
45,9
45,13
45,2
45,6
45,13
45,16
45,19
45,14
45,8
45,8
45,15
45,6
45,7
45,1
45,15
45,8
45,3
45,19
45,6
45,9
45,18
45,10
45,5
45,17
45,4
45,3
46,13
46,18
46,19
46,13
46,13
46,7
46,5
46,6
46,5
46,9
46,1
46,3
46,2
46,8
46,2
46,8
46,5
46,1
46,20
46,19
46,8
46,2
46,9
46,13
46,2
46,18
46,14
46,6
46,15
46,17
46,1
46,19
46,7
46,11
46,11
46,11
46,17
46,7
46,17
46,13
46,7
46,17
46,15
46,8
46,17
46,17
46,7
46,1
46,17
46,6
46,12
46,16
46,19
46,20
46,20
46,1
46,18
46,13
46,18
46,4
46,2
46,18
46,2
46,8
46,8
46,4
46,18
46,17
46,10
46,14
46,9
46,16
46,3
46,16
46,15
46,19
46,12
46,1
46,11
46,20
46,18
46,2
46,15
46,16
46,14
46,14
46,16
46,3
46,18
46,14
46,18
47,19
47,3
47,19
47,6
47,3
47,14
47,16
47,19
47,15
47,1
47,19
47,2
47,3
47,14
47,8
47,13
47,5
47,8
47,4
47,16
47,17
47,17
47,10
47,4
47,2
47,15
47,12
47,4
47,13
47,5
47,1
47,11
47,19
47,11
47,9
47,1
47,4
47,4
47,11
47,10
47,4
47,10
47,11
47,19
47,3
47,18
47,11
47,20
47,17
47,6
47,15
47,5
47,3
47,17
47,9
47,4
47,11
47,20
47,20
47,15
47,16
47,12
47,18
47,6
47,3
47,6
47,7
47,18
47,1
47,9
47,20
47,4
47,10
47,10
47,14
47,13
47,20
47,5
47,4
47,16
47,10
47,18
47,1
47,4
47,6
47,1
47,20
47,17
47,20
47,11
47,3
47,7
47,2
47,20
47,12
47,16
47,17
47,10
47,6
47,9
48,19
48,5
48,13
48,8
48,14
48,18
48,12
48,13
48,2
48,15
48,1
48,4
48,5
48,13
48,19
48,10
48,13
48,18
48,18
48,4
48,8
48,1
48,10
48,2
48,12
48,1
48,17
48,1
48,11
48,2
48,9
48,1
48,6
48,13
48,20
48,12
48,11
48,4
48,16
48,4
48,10
48,16
48,7
48,14
48,20
48,6
48,4
48,12
48,15
48,13
48,15
48,15
48,5
48,4
48,16
48,17
48,17
48,12
48,9
48,19
48,6
48,17
48,11
48,3
48,2
48,2
48,14
48,12
48,5
48,2
48,15
48,15
48,9
48,14
48,20
48,9
48,19
48,15
48,20
48,5
48,8
48,7
48,19
48,12
48,2
48,14
48,20
48,18
48,18
48,8
48,8
48,3
48,17
48,18
48,5
48,18
48,12
48,11
48,1
48,16
48,12
48,15
48,2
48,20
48,20
48,2
48,8
48,10
48,8
48,20
48,15
48,15
48,18
49,13
49,19
49,19
49,19
49,18
49,9
49,16
49,18
49,16
49,10
49,6
49,6
49,14
49,3
49,9
49,16
49,3
49,4
49,7
49,9
49,18
49,19
49,9
49,11
49,18
49,18
49,18
49,17
49,4
49,5
49,14
49,17
49,3
49,5
49,7
49,12
49,13
49,2
49,1
49,20
49,11
49,6
49,17
49,16
49,20
49,5
49,4
49,2
49,1
49,2
49,3
49,18
49,20
49,3
49,20
49,18
49,12
49,17
49,6
49,16
49,13
49,20
49,4
49,7
49,16
49,10
49,19
49,8
49,3
49,11
49,7
49,5
49,17
49,16
49,12
49,16
49,20
49,15
49,10
49,12
49,17
49,4
49,1
49,16
49,6
49,20
49,5
49,17
49,9
49,11
49,4
49,1
50,2
50,7
50,8
50,17
50,8
50,18
50,16
50,10
50,20
50,14
50,14
50,16
50,9
50,6
50,4
50,1
50,12
50,5
50,12
50,8
50,8
50,13
50,16
50,5
50,12
50,20
50,13
50,20
50,2
50,17
50,13
50,3
50,15
50,20
50,11
50,3
50,9
50,6
50,4
50,8
50,20
50,10
50,16
50,8
50,15
50,11
50,8
50,6
50,15
50,12
50,6
50,14
50,4
50,1
50,10
50,7
50,12
50,2
50,7
50,14
50,10
50,11
50,16
50,5
50,10
50,19
50,19
50,10
50,4
50,2
50,17
50,3
50,3
50,4
50,3
50,17
50,14
50,2
50,15
51,20
51,13
51,12
51,13
51,8
51,12
51,2
51,15
51,3
51,16
51,13
51,8
51,5
51,3
51,16
51,1
51,4
51,14
51,19
51,13
51,17
51,13
51,1
51,12
51,15
51,5
51,6
51,4
51,18
51,19
51,10
51,18
51,12
51,1
51,2
51,11
51,4
51,4
51,5
51,18
51,19
51,17
51,6
51,15
51,19
51,1
51,16
51,2
51,6
51,6
51,6
51,14
51,10
51,7
51,5
51,17
51,11
51,2
51,20
51,8
51,1
51,1
51,17
51,4
51,1
51,19
51,14
51,4
51,14
51,19
51,1
51,4
51,7
51,18
51,18
51,18
51,18
51,5
51,11
51,3
51,11
51,17
51,17
51,12
51,3
51,13
51,8
51,5
52,15
52,19
52,12
52,7
52,19
52,1
52,10
52,11
52,19
52,15
52,6
52,4
52,13
52,7
52,7
52,12
52,16
52,16
52,9
52,14
52,1
52,19
52,8
52,3
52,15
52,16
52,14
52,9
52,9
52,2
52,13
52,15
52,20
52,17
52,13
52,11
52,17
52,2
52,1
52,7
52,16
52,19
52,10
52,1
52,17
52,8
52,4
52,12
52,3
52,12
52,5
52,3
52,2
52,5
52,5
52,9
52,20
52,19
52,17
52,20
52,12
52,10
52,6
52,3
52,18
52,18
52,5
52,14
52,11
52,18
52,12
52,19
52,16
52,13
52,11
52,12
52,20
52,14
52,3
52,2
52,5
52,20
52,5
52,18
52,4
53,1
53,6
53,15
53,11
53,3
53,7
53,2
53,4
53,12
53,17
53,1
53,10
53,1
53,6
53,12
53,18
53,17
53,10
53,13
53,9
53,20
53,4
53,8
53,13
53,19
53,1
53,9
53,18
53,5
53,7
53,13
53,18
53,12
53,7
53,8
53,6
53,13
53,2
53,9
53,17
53,18
53,1
53,6
53,18
53,6
53,17
53,8
53,14
53,19
53,20
53,14
53,18
53,16
53,1
53,3
53,14
53,14
53,11
53,11
53,10
53,9
53,3
53,7
53,1
53,1
53,15
53,6
53,6
53,8
53,7
53,2
53,5
53,7
53,19
53,14
53,13
53,7
53,1
53,18
53,5
53,1
53,12
53,15
53,16
53,4
53,17
53,9
53,17
53,19
53,11
53,7
53,8
53,5
53,13
53,20
53,5
53,19
53,17
53,2
53,6
53,3
53,15
53,2
53,2
53,5
53,16
53,14
53,12
53,16
53,11
53,8
53,8
53,14
53,2
53,15
53,18
53,10
54,15
54,14
54,9
54,17
54,20
54,8
54,1
54,5
54,7
54,18
54,3
54,15
54,11
54,9
54,10
54,6
54,2
54,11
54,10
54,17
54,4
54,13
54,5
54,6
54,1
54,4
54,20
54,2
54,11
54,9
54,4
54,17
54,2
54,12
54,14
54,14
54,11
54,14
54,18
54,17
54,3
54,20
54,3
54,14
54,20
54,12
54,11
54,2
54,2
54,20
54,10
54,17
54,13
54,14
54,3
54,5
54,10
54,14
54,6
54,20
54,2
54,1
54,16
54,15
54,12
54,1
54,8
54,2
54,15
54,5
54,10
54,9
54,17
54,13
54,2
54,16
54,4
54,12
54,9
54,18
54,4
54,19
54,14
54,8
54,4
54,8
54,12
54,13
54,13
55,9
55,4
55,6
55,10
55,12
55,1
55,13
55,12
55,8
55,15
55,18
55,13
55,16
55,19
55,9
55,20
55,20
55,16
55,16
55,4
55,5
55,13
55,19
55,15
55,6
55,6
55,10
55,6
55,17
55,15
55,18
55,17
55,18
55,4
55,6
55,1
55,4
55,19
55,5
55,3
55,5
55,2
55,7
55,12
55,20
55,7
55,12
55,12
55,3
55,7
55,7
55,19
55,11
55,5
55,5
55,8
55,2
55,14
55,13
55,10
55,8
55,3
55,6
55,18
55,6
55,12
55,18
55,1
55,2
55,2
55,3
55,6
55,16
55,10
55,17
55,7
55,16
55,20
55,10
55,10
55,18
55,16
55,20
55,8
55,12
55,4
55,8
55,13
55,18
55,12
55,2
55,17
55,14
55,8
55,14
55,11
55,11
55,4
55,11
55,12
55,5
55,6
55,17
55,12
56,7
56,5
56,19
56,14
56,5
56,8
56,4
56,14
56,16
56,15
56,2
56,7
56,19
56,1
56,12
56,8
56,12
56,13
56,4
56,18
56,12
56,18
56,8
56,2
56,1
56,11
56,13
56,17
56,8
56,1
56,1
56,14
56,18
56,11
56,7
56,2
56,10
56,2
56,15
56,5
56,17
56,8
56,4
56,7
56,20
56,15
56,14
56,12
56,7
56,17
56,9
56,19
56,6
56,8
56,12
56,18
56,10
56,5
56,15
56,17
56,17
56,15
56,10
56,14
56,17
56,9
56,7
56,6
56,2
56,14
56,11
56,10
56,13
56,14
56,16
56,13
56,8
56,1
56,4
56,6
56,10
56,4
56,16
56,15
56,3
56,8
56,13
56,13
56,4
56,19
56,9
56,20
56,5
56,11
56,6
56,1
56,11
56,12
56,6
56,12
56,17
56,8
56,14
56,10
56,1
56,1
56,2
56,20
56,2
56,17
56,18
56,11
56,12
56,13
56,17
56,14
56,20
57,9
57,18
57,3
57,7
57,7
57,15
57,11
57,9
57,20
57,3
57,19
57,3
57,9
57,10
57,20
57,16
57,15
57,1
57,9
57,16
57,2
57,8
57,17
57,18
57,17
57,19
57,1
57,10
57,15
57,14
57,1
57,16
57,4
57,16
57,2
57,10
57,10
57,5
57,18
57,1
57,7
57,8
57,15
57,7
57,17
57,6
57,3
57,12
57,6
57,11
57,19
57,7
57,10
57,15
57,16
57,7
57,5
57,8
57,8
57,19
57,14
57,8
57,6
57,17
57,3
57,20
57,18
57,4
57,16
57,15
57,16
57,2
57,14
57,11
57,1
57,2
57,16
57,3
57,13
57,14
57,5
57,3
57,12
57,6
58,17
58,20
58,4
58,13
58,7
58,11
58,4
58,20
58,11
58,9
58,16
58,13
58,8
58,13
58,9
58,3
58,19
58,4
58,17
58,12
58,14
58,17
58,14
58,2
58,11
58,18
58,15
58,7
58,1
58,18
58,4
58,9
58,17
58,20
58,14
58,4
58,2
58,17
58,15
58,12
58,17
58,11
58,17
58,5
58,15
58,5
58,19
58,6
58,8
58,7
58,17
58,14
58,15
58,2
58,7
58,17
58,12
58,13
58,15
58,4
58,10
58,19
58,12
58,7
58,18
58,17
58,2
58,19
58,13
58,16
58,3
58,10
58,18
58,19
58,6
58,13
58,15
58,16
58,18
58,2
58,15
58,6
58,7
58,9
58,8
58,13
58,18
58,11
58,5
58,12
58,14
58,15
58,10
58,17
58,13
58,19
58,14
58,14
58,18
58,18
58,9
58,12
58,7
58,7
58,10
58,4
58,11
58,4
58,12
58,8
59,17
59,6
59,13
59,16
59,14
59,12
59,8
59,11
59,2
59,13
59,15
59,7
59,19
59,4
59,4
59,11
59,3
59,17
59,4
59,12
59,14
59,12
59,15
59,13
59,10
59,4
59,8
59,20
59,19
59,19
59,19
59,7
59,4
59,4
59,2
59,10
59,15
59,2
59,12
59,9
59,14
59,6
59,15
59,12
59,10
59,10
59,2
59,4
59,6
59,17
59,7
59,12
59,20
59,1
59,4
59,10
59,16
59,11
59,1
59,6
59,2
59,20
59,12
59,5
59,3
59,6
59,14
59,9
59,7
59,6
59,17
59,12
59,11
59,4
59,15
59,12
59,13
59,16
59,7
59,11
59,4
59,13
59,2
59,3
59,13
59,17
59,12
59,20
59,19
59,13
59,5
59,20
59,12
59,9
59,17
59,6
59,14
59,10
59,14
60,12
60,7
60,11
60,3
60,10
60,6
60,17
60,1
60,10
60,4
60,20
60,20
60,7
60,12
60,13
60,1
60,17
60,1
60,13
60,16
60,12
60,17
60,13
60,11
60,20
60,1
60,7
60,5
60,6
60,9
60,18
60,17
60,7
60,20
60,11
60,16
60,17
60,19
60,9
60,7
60,2
60,8
60,18
60,20
60,19
60,11
60,20
60,7
60,3
60,4
60,3
60,14
60,12
60,7
60,17
60,3
60,7
60,3
60,7
60,12
60,3
60,17
60,20
60,10
60,8
60,10
60,5
60,5
60,8
60,13
60,3
60,1
60,12
60,20
60,12
60,11
60,2
60,3
60,17
60,5
60,7
60,11
60,18
60,10
60,17
60,14
60,13
60,15
60,9
60,11
60,18
60,11
60,19
60,17
60,12
60,19
60,6
60,9
60,3
60,5
60,1
60,5
60,17
60,13
60,16
60,8
60,15
61,18
61,11
61,3
61,2
61,9
61,6
61,11
61,10
61,14
61,17
61,2
61,1
61,5
61,5
61,18
61,7
61,15
61,15
61,19
61,13
61,12
61,7
61,7
61,17
61,19
61,3
61,5
61,3
61,19
61,13
61,9
61,8
61,15
61,4
61,9
61,3
61,9
61,11
61,12
61,14
61,7
61,6
61,14
61,11
61,2
61,12
61,10
61,16
61,18
61,8
61,1
61,9
61,6
61,7
61,17
61,16
61,10
61,2
61,11
61,20
61,6
61,19
61,7
61,20
61,2
61,7
61,2
61,2
61,17
61,5
61,8
61,4
61,10
61,1
61,6
61,3
61,4
61,15
61,11
61,1
61,14
61,11
61,10
61,19
61,17
61,6
61,7
61,18
61,19
61,17
61,17
61,4
61,15
61,15
61,3
61,9
61,1
61,16
61,10
62,18
62,1
62,17
62,1
62,2
62,10
62,18
62,5
62,13
62,13
62,15
62,14
62,6
62,17
62,15
62,17
62,13
62,12
62,3
62,3
62,11
62,19
62,11
62,6
62,5
62,6
62,9
62,13
62,6
62,16
62,15
62,3
62,16
62,3
62,15
62,10
62,4
62,13
62,6
62,17
62,17
62,12
62,2
62,14
62,8
62,8
62,10
62,12
62,19
62,4
62,14
62,1
62,2
62,5
62,7
62,19
62,10
62,7
62,11
62,7
62,2
62,17
62,10
62,10
62,12
62,16
62,19
62,15
62,20
62,4
62,3
62,16
62,15
62,16
62,2
62,14
62,3
62,11
62,5
62,2
62,15
62,19
62,2
62,8
62,15
62,8
62,6
62,16
62,6
62,9
62,2
62,8
63,17
63,3
63,17
63,8
63,19
63,7
63,3
63,10
63,10
63,17
63,18
63,16
63,13
63,19
63,9
63,15
63,9
63,5
63,16
63,15
63,15
63,10
63,3
63,9
63,9
63,20
63,4
63,15
63,8
63,18
63,14
63,5
63,20
63,2
63,4
63,10
63,8
63,18
63,20
63,17
63,15
63,9
63,4
63,7
63,7
63,4
63,13
63,7
63,8
63,1
63,2
63,3
63,10
63,16
63,11
63,10
63,15
63,7
63,4
63,15
63,4
63,9
63,11
63,15
63,10
63,14
63,5
63,17
63,12
63,4
63,5
63,18
63,4
63,8
63,16
63,10
63,3
63,8
63,16
63,11
63,8
63,9
63,13
63,9
63,16
63,15
63,19
63,3
63,13
63,14
63,17
63,8
63,3
63,7
63,3
63,12
63,12
63,7
63,1
63,3
63,2
63,5
64,12
64,5
64,5
64,7
64,6
64,7
64,15
64,13
64,17
64,14
64,2
64,1
64,15
64,9
64,8
64,5
64,11
64,20
64,10
64,7
64,8
64,12
64,5
64,2
64,16
64,9
64,8
64,8
64,11
64,1
64,12
64,15
64,17
64,8
64,1
64,2
64,15
64,7
64,14
64,3
64,13
64,7
64,4
64,7
64,16
64,11
64,3
64,6
64,2
64,12
64,5
64,1
64,16
64,1
64,2
64,3
64,9
64,9
64,10
64,12
64,1
64,13
64,6
64,17
64,1
64,18
64,18
64,7
64,5
64,4
64,9
64,17
64,10
64,4
64,15
64,17
64,6
64,17
64,15
64,8
64,8
64,11
64,8
64,3
64,3
64,2
64,5
64,12
64,10
64,6
65,15
65,3
65,19
65,12
65,19
65,11
65,9
65,9
65,17
65,5
65,4
65,17
65,1
65,5
65,1
65,7
65,2
65,6
65,3
65,8
65,5
65,11
65,18
65,5
65,5
65,20
65,6
65,2
65,3
65,7
65,7
65,9
65,9
65,5
65,20
65,20
65,7
65,1
65,20
65,3
65,17
65,3
65,20
65,18
65,19
65,12
65,16
65,12
65,17
65,19
65,19
65,14
65,1
65,16
65,18
65,5
65,16
65,3
65,6
65,10
65,1
65,5
65,19
65,10
65,1
65,18
65,1
65,8
65,10
65,20
65,10
65,7
65,14
65,1
65,16
65,4
65,12
65,11
65,16
65,1
65,1
65,14
65,14
65,1
65,10
65,11
65,18
65,17
65,5
65,3
65,18
65,5
65,19
65,16
65,6
65,20
65,6
65,18
65,7
65,15
65,9
65,16
65,13
65,14
66,9
66,8
66,18
66,20
66,11
66,13
66,20
66,11
66,18
66,13
66,4
66,7
66,15
66,1
66,15
66,11
66,15
66,13
66,8
66,14
66,20
66,13
66,13
66,5
66,3
66,19
66,12
66,11
66,6
66,4
66,5
66,6
66,4
66,2
66,6
66,14
66,6
66,17
66,16
66,3
66,10
66,19
66,2
66,16
66,11
66,8
66,7
66,18
66,20
66,6
66,11
66,20
66,10
66,15
66,16
66,12
66,5
66,7
66,3
66,2
66,11
66,7
66,8
66,14
66,20
66,13
66,19
66,5
66,9
66,6
66,7
66,10
66,17
66,20
66,18
66,7
66,8
66,16
66,4
66,7
66,1
66,6
66,18
66,10
66,20
66,14
66,2
66,4
66,12
66,4
66,6
66,2
66,2
66,13
66,7
66,1
66,17
66,5
66,5
66,17
66,11
66,3
66,7
67,7
67,15
67,4
67,5
67,2
67,19
67,9
67,20
67,11
67,14
67,18
67,20
67,6
67,3
67,1
67,9
67,14
67,16
67,6
67,8
67,17
67,10
67,14
67,9
67,6
67,11
67,13
67,3
67,1
67,8
67,1
67,19
67,2
67,16
67,3
67,3
67,6
67,3
67,14
67,16
67,9
67,3
67,15
67,14
67,17
67,8
67,14
67,11
67,3
67,20
67,10
67,12
67,1
67,3
67,20
67,19
67,13
67,5
67,13
67,5
67,4
67,13
67,15
67,5
67,8
67,10
67,19
67,5
67,12
67,4
67,20
67,20
67,7
67,6
67,5
67,3
67,13
67,19
67,5
67,8
67,10
67,14
67,19
67,2
67,9
67,10
67,20
67,13
67,14
67,12
67,10
67,17
67,16
67,4
67,13
67,15
67,13
68,3
68,19
68,17
68,7
68,18
68,8
68,13
68,4
68,13
68,7
68,8
68,3
68,12
68,15
68,4
68,5
68,5
68,5
68,5
68,15
68,5
68,18
68,8
68,8
68,7
68,17
68,4
68,10
68,9
68,18
68,15
68,4
68,17
68,11
68,2
68,6
68,10
68,6
68,9
68,14
68,12
68,9
68,16
68,3
68,3
68,11
68,20
68,8
68,16
68,4
68,2
68,12
68,13
68,1
68,19
68,19
68,9
68,2
68,9
68,18
68,12
68,15
68,13
68,8
68,17
68,14
68,13
68,6
68,19
68,14
68,20
68,2
68,2
68,7
68,17
68,16
68,18
68,16
68,15
68,5
68,11
68,8
68,16
68,4
68,9
68,14
68,2
68,17
68,8
68,2
68,6
68,19
68,8
68,10
69,18
69,4
69,3
69,2
69,2
69,13
69,7
69,13
69,7
69,8
69,19
69,3
69,16
69,8
69,10
69,10
69,12
69,12
69,18
69,19
69,15
69,6
69,5
69,9
69,14
69,12
69,2
69,12
69,2
69,10
69,1
69,11
69,5
69,16
69,12
69,6
69,20
69,19
69,18
69,6
69,18
69,9
69,20
69,13
69,8
69,9
69,3
69,20
69,1
69,12
69,10
69,7
69,17
69,14
69,7
69,2
69,17
69,9
69,5
69,18
69,10
69,6
69,8
69,6
69,13
69,12
69,4
69,12
69,10
69,1
69,10
69,19
69,1
69,9
69,12
69,9
69,10
69,6
69,20
69,10
69,17
69,9
69,8
69,5
69,3
69,15
70,18
70,19
70,15
70,3
70,9
70,16
70,8
70,8
70,1
70,20
70,19
70,4
70,3
70,20
70,17
70,4
70,19
70,17
70,13
70,2
70,17
70,2
70,7
70,16
70,3
70,15
70,5
70,10
70,19
70,19
70,16
70,16
70,17
70,10
70,18
70,17
70,5
70,17
70,5
70,18
70,8
70,3
70,1
70,3
70,15
70,9
70,6
70,13
70,6
70,10
70,6
70,14
70,3
70,12
70,10
70,5
70,18
70,6
70,7
70,16
70,4
70,14
70,3
70,20
70,4
70,13
70,9
70,20
70,1
70,13
70,17
70,9
70,7
70,10
70,3
70,1
70,18
70,8
70,5
70,15
70,18
70,10
70,9
70,20
70,13
70,10
70,17
70,10
70,15
70,15
70,17
70,18
70,8
70,20
70,9
70,3
70,4
70,17
71,15
71,4
71,9
71,3
71,4
71,8
71,12
71,6
71,20
71,2
71,14
71,5
71,8
71,3
71,6
71,16
71,14
71,19
71,17
71,2
71,20
71,11
71,16
71,17
71,20
71,16
71,8
71,9
71,10
71,11
71,17
71,4
71,6
71,18
71,7
71,10
71,5
71,10
71,15
71,4
71,3
71,20
71,20
71,11
71,2
71,6
71,18
71,16
71,16
71,15
71,17
71,15
71,17
71,5
71,3
71,17
71,12
71,10
71,5
71,1
71,12
71,13
71,17
71,10
71,10
71,15
71,19
71,14
71,16
71,13
71,10
71,19
71,13
71,9
71,9
71,6
71,6
71,18
71,13
71,1
71,12
71,10
71,8
71,9
71,6
71,10
71,17
71,17
71,12
71,13
71,9
71,15
71,5
71,5
71,4
71,15
71,19
71,14
71,20
71,15
71,7
71,9
71,13
71,11
71,18
71,13
72,8
72,3
72,10
72,1
72,16
72,14
72,2
72,3
72,14
72,7
72,4
72,10
72,15
72,7
72,14
72,3
72,14
72,18
72,8
72,17
72,4
72,18
72,11
72,4
72,12
72,9
72,12
72,16
72,11
72,1
72,20
72,10
72,16
72,2
72,10
72,11
72,7
72,11
72,5
72,20
72,9
72,20
72,1
72,3
72,7
72,14
72,18
72,20
72,3
72,5
72,8
72,7
72,14
72,10
72,2
72,18
72,10
72,5
72,5
72,12
72,6
72,5
72,2
72,13
72,18
72,11
72,3
72,4
72,14
72,19
72,3
72,14
72,18
72,15
72,17
72,4
72,20
72,6
72,15
72,2
72,2
72,15
72,20
72,15
72,16
72,13
72,12
72,6
72,18
72,17
72,9
72,15
72,13
72,10
72,7
72,10
72,13
72,1
73,13
73,18
73,19
73,7
73,11
73,16
73,1
73,19
73,20
73,20
73,4
73,6
73,13
73,5
73,20
73,5
73,20
73,8
73,17
73,3
73,13
73,6
73,11
73,13
73,20
73,3
73,3
73,18
73,12
73,7
73,18
73,16
73,4
73,16
73,2
73,14
73,12
73,2
73,13
73,3
73,13
73,8
73,8
73,18
73,13
73,20
73,2
73,4
73,7
73,10
73,18
73,11
73,8
73,9
73,3
73,19
73,11
73,17
73,17
73,15
73,3
73,14
73,10
73,18
73,2
73,12
73,4
73,13
73,5
73,8
73,7
73,18
73,15
73,6
73,15
73,19
73,5
73,8
73,2
73,3
73,9
73,20
73,5
73,16
73,8
73,20
73,7
73,10
73,8
73,3
73,4
73,3
73,8
73,14
73,20
73,9
73,5
73,3
73,13
73,1
73,10
73,19
73,18
73,17
73,5
73,4
73,15
73,1
73,3
73,9
73,16
73,12
73,20
73,12
73,19
73,19
73,11
73,5
73,8
73,11
74,19
74,12
74,13
74,19
74,17
74,4
74,7
74,13
74,19
74,12
74,13
74,20
74,10
74,11
74,16
74,6
74,6
74,3
74,7
74,1
74,11
74,14
74,4
74,10
74,5
74,2
74,8
74,8
74,19
74,7
74,18
74,9
74,18
74,2
74,7
74,6
74,17
74,6
74,18
74,15
74,17
74,11
74,15
74,18
74,13
74,2
74,4
74,10
74,4
74,10
74,10
74,14
74,15
74,13
74,15
74,19
74,7
74,14
74,18
74,5
74,1
74,15
74,5
74,10
74,8
74,12
74,16
74,5
74,9
74,13
74,19
74,5
74,15
74,5
74,2
74,7
74,7
74,5
74,17
74,2
74,6
74,18
74,8
74,20
74,11
74,2
74,11
75,17
75,16
75,8
75,13
75,16
75,15
75,17
75,5
75,2
75,20
75,12
75,18
75,8
75,5
75,9
75,12
75,19
75,13
75,6
75,18
75,11
75,2
75,6
75,5
75,8
75,3
75,12
75,19
75,5
75,5
75,9
75,1
75,20
75,9
75,13
75,7
75,3
75,2
75,4
75,16
75,13
75,15
75,14
75,1
75,11
75,2
75,4
75,10
75,6
75,1
75,19
75,9
75,3
75,16
75,13
75,10
75,18
75,4
75,20
75,3
75,8
75,1
75,15
75,20
75,9
75,20
75,18
75,3
75,13
75,1
75,10
75,5
75,8
75,15
75,5
75,18
75,8
75,1
75,19
75,14
75,1
75,17
75,2
75,3
75,4
75,6
75,4
75,2
75,1
75,16
75,16
75,20
75,16
75,2
75,19
75,16
75,1
75,9
75,18
75,5
75,1
75,19
75,10
75,8
75,14
75,6
75,6
76,1
76,6
76,4
76,6
76,19
76,13
76,19
76,1
76,16
76,4
76,17
76,9
76,4
76,12
76,16
76,4
76,7
76,10
76,14
76,14
76,2
76,14
76,3
76,7
76,15
76,1
76,16
76,2
76,14
76,1
76,19
76,7
76,7
76,15
76,12
76,5
76,7
76,11
76,17
76,14
76,14
76,13
76,15
76,10
76,16
76,2
76,5
76,14
76,11
76,10
76,7
76,13
76,4
76,9
76,19
76,18
76,10
76,6
76,11
76,15
76,6
76,10
76,1
76,4
76,4
76,13
76,20
76,2
76,3
76,9
76,7
76,8
76,13
76,1
76,17
76,9
76,15
76,1
76,2
76,17
76,11
76,1
76,9
76,6
76,9
76,19
76,3
76,10
76,16
76,13
76,5
76,2
76,14
76,17
76,17
76,17
76,9
76,17
76,18
76,3
76,17
76,17
76,3
76,9
76,9
77,19
77,17
77,3
77,12
77,11
77,20
77,14
77,11
77,20
77,11
77,11
77,11
77,13
77,13
77,6
77,17
77,9
77,19
77,3
77,5
77,16
77,19
77,6
77,4
77,9
77,20
77,20
77,5
77,2
77,8
77,13
77,13
77,17
77,8
77,16
77,19
77,19
77,1
77,1
77,18
77,11
77,11
77,20
77,15
77,3
77,6
77,3
77,3
77,4
77,5
77,8
77,11
77,4
77,13
77,14
77,4
77,4
77,5
77,20
77,6
77,13
77,12
77,18
77,1
77,11
77,5
77,19
77,9
77,5
77,19
77,7
77,15
77,1
77,18
77,9
77,16
77,3
77,11
77,18
77,19
77,16
77,5
77,1
77,11
77,9
77,15
77,6
77,13
77,19
77,5
77,10
77,3
77,8
77,7
77,15
77,19
77,11
77,13
77,7
77,15
77,11
77,5
77,1
77,4
77,3
77,9
78,19
78,17
78,11
78,16
78,7
78,18
78,13
78,8
78,20
78,1
78,14
78,5
78,5
78,4
78,1
78,14
78,7
78,9
78,12
78,13
78,19
78,2
78,6
78,5
78,8
78,8
78,2
78,20
78,11
78,16
78,20
78,9
78,4
78,3
78,17
78,11
78,20
78,9
78,10
78,12
78,1
78,3
78,8
78,6
78,6
78,9
78,19
78,4
78,9
78,11
78,17
78,7
78,4
78,2
78,3
78,4
78,1
78,4
78,15
78,12
78,11
78,15
78,12
78,15
78,17
78,8
78,17
78,8
78,16
78,6
78,19
78,17
78,8
78,7
78,14
78,5
78,7
78,12
78,9
78,7
79,14
79,5
79,13
79,10
79,18
79,7
79,5
79,10
79,3
79,19
79,1
79,13
79,13
79,13
79,19
79,9
79,12
79,15
79,9
79,8
79,20
79,7
79,16
79,19
79,5
79,9
79,4
79,3
79,12
79,12
79,9
79,18
79,8
79,13
79,7
79,17
79,20
79,11
79,6
79,2
79,9
79,19
79,14
79,14
79,3
79,13
79,14
79,14
79,19
79,2
79,1
79,19
79,1
79,8
79,17
79,5
79,8
79,20
79,20
79,20
79,3
79,8
79,9
79,10
79,13
79,15
79,18
79,12
79,17
79,4
79,13
79,17
79,14
79,18
79,10
79,16
79,2
79,16
79,9
79,1
79,17
79,2
79,19
79,17
79,9
79,7
79,14
79,9
79,19
79,13
79,8
79,1
79,12
80,8
80,3
80,4
80,2
80,20
80,7
80,10
80,15
80,19
80,18
80,8
80,9
80,8
80,3
80,10
80,15
80,4
80,10
80,3
80,5
80,20
80,12
80,5
80,7
80,5
80,13
80,17
80,9
80,12
80,17
80,12
80,19
80,19
80,8
80,12
80,11
80,14
80,1
80,5
80,5
80,19
80,5
80,13
80,18
80,19
80,2
80,12
80,2
80,4
80,6
80,6
80,3
80,17
80,11
80,1
80,1
80,3
80,17
80,1
80,7
80,6
80,13
80,5
80,4
80,12
80,17
80,6
80,5
80,9
80,11
80,9
80,19
80,7
80,13
80,16
80,5
80,15
80,19
80,7
80,10
80,5
80,12
80,4
80,1
80,14
80,5
80,14
80,9
80,13
80,6
80,15
80,18
80,10
80,19
80,14
80,1
80,7
80,19
80,18
80,16
80,1
80,6
80,14
81,7
81,19
81,2
81,4
81,5
81,12
81,10
81,14
81,8
81,1
81,9
81,9
81,7
81,13
81,14
81,15
81,18
81,19
81,9
81,7
81,1
81,19
81,12
81,1
81,6
81,3
81,18
81,13
81,15
81,16
81,18
81,14
81,6
81,11
81,17
81,2
81,3
81,6
81,7
81,10
81,18
81,15
81,10
81,4
81,20
81,15
81,18
81,17
81,6
81,18
81,15
81,6
81,17
81,7
81,6
81,14
81,9
81,16
81,18
81,3
81,11
81,7
81,8
81,16
81,18
81,4
81,17
81,12
81,9
81,15
81,13
81,7
81,9
81,15
81,2
81,8
81,9
81,12
81,4
81,14
81,9
81,19
81,19
81,17
81,17
81,17
81,2
81,17
82,12
82,11
82,11
82,14
82,18
82,19
82,1
82,7
82,2
82,9
82,10
82,11
82,3
82,2
82,9
82,11
82,16
82,10
82,19
82,5
82,13
82,14
82,10
82,2
82,4
82,1
82,10
82,20
82,17
82,12
82,16
82,20
82,2
82,7
82,5
82,11
82,5
82,5
82,9
82,18
82,13
82,18
82,8
82,15
82,12
82,8
82,17
82,7
82,10
82,15
82,3
82,2
82,1
82,13
82,15
82,4
82,5
82,5
82,16
82,1
82,16
82,11
82,12
82,9
82,9
82,16
82,12
82,5
82,12
82,12
82,3
82,4
82,10
82,2
82,10
82,1
82,10
82,18
82,19
82,19
82,5
82,2
82,12
82,5
82,6
82,7
82,8
82,10
82,11
82,3
82,2
82,18
82,6
82,5
82,18
82,14
83,12
83,9
83,19
83,3
83,1
83,13
83,6
83,2
83,14
83,7
83,14
83,3
83,4
83,12
83,13
83,8
83,5
83,5
83,4
83,10
83,3
83,12
83,11
83,13
83,6
83,4
83,2
83,3
83,8
83,19
83,9
83,19
83,20
83,19
83,13
83,12
83,11
83,18
83,13
83,4
83,16
83,6
83,7
83,12
83,9
83,11
83,19
83,14
83,15
83,3
83,15
83,9
83,6
83,18
83,1
83,3
83,1
83,2
83,18
83,1
83,13
83,6
83,11
83,12
83,4
83,4
83,3
83,14
83,13
83,7
83,17
83,1
83,4
83,15
83,12
83,12
83,6
83,2
83,17
83,12
83,16
83,4
83,1
83,13
83,1
83,13
83,16
83,13
83,7
83,5
83,5
83,19
83,10
83,16
83,10
83,5
83,11
83,4
83,18
83,15
83,10
83,6
83,15
83,5
83,13
84,6
84,8
84,10
84,20
84,17
84,13
84,15
84,20
84,5
84,8
84,12
84,18
84,15
84,4
84,4
84,19
84,1
84,2
84,8
84,8
84,3
84,4
84,18
84,18
84,1
84,12
84,19
84,18
84,19
84,3
84,2
84,16
84,2
84,3
84,15
84,18
84,16
84,10
84,17
84,20
84,17
84,20
84,17
84,3
84,16
84,12
84,1
84,16
84,5
84,20
84,3
84,19
84,3
84,12
84,16
84,15
84,15
84,14
84,4
84,13
84,8
84,6
84,9
84,10
84,8
84,3
84,7
84,3
84,4
84,16
84,15
84,12
84,7
84,11
84,14
84,2
84,15
84,14
84,17
84,19
84,13
84,11
84,18
84,15
84,2
84,5
84,9
84,17
84,19
84,5
84,9
84,18
85,10
85,9
85,19
85,9
85,4
85,6
85,12
85,7
85,13
85,18
85,19
85,19
85,8
85,4
85,1
85,14
85,18
85,9
85,13
85,2
85,12
85,2
85,9
85,13
85,6
85,9
85,1
85,16
85,13
85,2
85,14
85,14
85,10
85,12
85,3
85,5
85,9
85,6
85,12
85,13
85,3
85,2
85,4
85,2
85,5
85,16
85,16
85,14
85,4
85,8
85,8
85,15
85,1
85,8
85,20
85,6
85,16
85,20
85,2
85,1
85,13
85,7
85,14
85,15
85,10
85,16
85,19
85,11
85,1
85,2
85,3
85,3
85,3
85,6
85,5
85,20
85,1
85,20
85,5
85,17
85,19
85,4
85,3
85,19
85,11
85,14
85,16
85,7
85,6
85,9
85,7
85,18
85,15
86,20
86,12
86,17
86,8
86,3
86,7
86,8
86,4
86,1
86,3
86,19
86,19
86,19
86,18
86,19
86,10
86,14
86,7
86,20
86,18
86,2
86,18
86,8
86,7
86,5
86,6
86,12
86,14
86,4
86,2
86,20
86,16
86,5
86,16
86,3
86,7
86,14
86,2
86,11
86,15
86,16
86,9
86,13
86,14
86,18
86,3
86,3
86,3
86,2
86,2
86,20
86,15
86,11
86,20
86,1
86,16
86,5
86,5
86,1
86,9
86,6
86,20
86,4
86,2
86,8
86,18
86,9
86,1
86,19
86,11
86,7
86,15
86,11
86,11
86,20
86,20
86,14
86,15
86,2
86,7
86,16
86,14
86,1
86,19
86,13
86,1
86,6
86,9
86,5
86,6
86,9
86,2
86,5
86,4
86,4
86,4
86,13
86,4
86,5
86,12
86,6
86,3
86,18
86,8
86,14
86,9
86,7
86,7
86,3
86,20
87,13
87,11
87,5
87,5
87,9
87,9
87,5
87,14
87,10
87,2
87,19
87,18
87,15
87,15
87,14
87,18
87,19
87,6
87,13
87,15
87,9
87,10
87,17
87,18
87,17
87,10
87,7
87,15
87,8
87,9
87,15
87,12
87,19
87,11
87,16
87,19
87,20
87,13
87,12
87,9
87,14
87,2
87,18
87,20
87,17
87,11
87,10
87,7
87,17
87,2
87,1
87,5
87,12
87,17
87,3
87,8
87,19
87,9
87,15
87,6
87,9
87,1
87,18
87,20
87,11
87,5
87,18
87,2
87,17
87,2
87,10
87,2
87,3
87,8
87,2
87,11
87,10
87,11
87,17
87,6
87,4
87,17
87,3
87,15
87,6
87,5
87,15
87,4
87,5
87,9
87,1
87,5
87,9
87,10
87,4
87,19
87,15
87,2
87,1
87,11
87,15
87,2
87,5
87,17
87,1
87,6
88,8
88,11
88,8
88,16
88,8
88,11
88,5
88,10
88,6
88,10
88,6
88,12
88,5
88,2
88,20
88,5
88,7
88,20
88,15
88,10
88,10
88,1
88,3
88,2
88,3
88,17
88,4
88,7
88,6
88,16
88,12
88,5
88,18
88,19
88,20
88,6
88,2
88,4
88,7
88,7
88,5
88,13
88,18
88,9
88,14
88,9
88,6
88,12
88,8
88,20
88,2
88,9
88,12
88,16
88,11
88,14
88,5
88,6
88,1
88,10
88,1
88,4
88,14
88,19
88,15
88,5
88,16
88,16
88,9
88,2
88,14
88,5
88,14
88,3
88,14
88,20
88,11
88,19
88,11
88,10
88,10
88,4
88,10
88,1
88,20
88,20
89,14
89,16
89,5
89,6
89,5
89,18
89,2
89,10
89,16
89,16
89,14
89,3
89,3
89,14
89,4
89,16
89,19
89,10
89,10
89,4
89,9
89,12
89,2
89,11
89,1
89,3
89,7
89,2
89,3
89,6
89,2
89,8
89,13
89,18
89,6
89,17
89,15
89,7
89,18
89,2
89,14
89,11
89,16
89,16
89,17
89,20
89,3
89,7
89,9
89,12
89,10
89,9
89,3
89,3
89,19
89,15
89,5
89,5
89,16
89,19
89,2
89,9
89,6
89,14
89,7
89,3
89,2
89,13
89,9
89,19
89,7
89,14
89,2
89,2
89,9
89,18
89,13
89,3
89,4
89,1
89,14
89,5
89,9
89,16
89,7
89,20
89,2
89,11
89,4
89,18
89,9
89,18
89,6
89,6
89,11
89,4
89,9
89,5
90,9
90,9
90,3
90,7
90,15
90,16
90,8
90,3
90,13
90,1
90,18
90,8
90,13
90,11
90,12
90,2
90,19
90,18
90,1
90,20
90,20
90,16
90,9
90,8
90,13
90,7
90,6
90,16
90,2
90,6
90,12
90,10
90,6
90,14
90,16
90,20
90,10
90,16
90,3
90,14
90,8
90,20
90,14
90,12
90,2
90,5
90,13
90,20
90,15
90,5
90,12
90,14
90,13
90,12
90,2
90,17
90,18
90,7
90,12
90,20
90,4
90,3
90,1
90,9
90,9
90,9
90,9
90,10
90,16
90,3
90,15
90,15
90,14
90,8
90,6
90,15
90,13
90,11
90,7
90,19
90,15
90,10
90,12
90,19
90,1
90,13
90,16
90,11
90,11
91,19
91,2
91,14
91,14
91,2
91,3
91,14
91,2
91,3
91,3
91,17
91,5
91,9
91,3
91,18
91,17
91,9
91,12
91,1
91,19
91,10
91,19
91,5
91,19
91,10
91,4
91,12
91,15
91,19
91,2
91,17
91,17
91,3
91,3
91,2
91,16
91,5
91,15
91,10
91,19
91,17
91,18
91,3
91,18
91,1
91,20
91,14
91,9
91,3
91,14
91,7
91,5
91,4
91,11
91,3
91,13
91,6
91,6
91,19
91,4
91,7
91,16
91,13
91,1
91,18
91,14
91,9
91,14
91,9
91,18
91,12
91,17
91,15
91,6
91,14
91,7
91,5
91,19
91,15
91,19
91,4
91,13
91,3
91,7
91,16
91,18
91,12
91,1
91,3
92,2
92,17
92,10
92,17
92,9
92,2
92,6
92,14
92,10
92,19
92,14
92,19
92,2
92,11
92,14
92,7
92,16
92,12
92,3
92,7
92,7
92,2
92,10
92,11
92,4
92,9
92,6
92,1
92,20
92,7
92,4
92,1
92,15
92,5
92,10
92,3
92,6
92,15
92,8
92,16
92,6
92,2
92,6
92,7
92,4
92,19
92,6
92,11
92,11
92,8
92,17
92,9
92,9
92,7
92,19
92,5
92,15
92,17
92,17
92,6
92,15
92,20
92,18
92,9
92,16
92,19
92,3
92,2
92,14
92,10
92,9
92,11
92,11
92,14
92,9
92,6
92,5
92,14
92,17
92,7
92,2
92,13
92,7
92,2
92,11
92,17
92,6
92,5
92,13
92,15
92,2
92,7
92,14
92,12
92,15
92,2
93,10
93,9
93,15
93,15
93,19
93,15
93,5
93,1
93,20
93,14
93,7
93,4
93,7
93,15
93,2
93,20
93,7
93,8
93,14
93,10
93,5
93,11
93,14
93,9
93,5
93,8
93,16
93,11
93,19
93,2
93,12
93,8
93,11
93,6
93,3
93,1
93,20
93,19
93,1
93,19
93,12
93,19
93,15
93,11
93,13
93,16
93,2
93,12
93,16
93,15
93,1
93,12
93,6
93,6
93,20
93,2
93,5
93,7
93,12
93,3
93,9
93,3
93,3
93,11
93,20
93,5
93,11
93,19
93,3
93,11
93,10
93,7
93,2
93,16
93,9
93,6
93,3
93,10
93,17
93,18
93,5
93,9
93,1
93,2
93,7
94,13
94,3
94,11
94,19
94,7
94,6
94,19
94,9
94,8
94,9
94,9
94,4
94,19
94,19
94,18
94,2
94,20
94,4
94,15
94,15
94,12
94,20
94,18
94,14
94,9
94,7
94,10
94,17
94,8
94,3
94,15
94,20
94,5
94,6
94,10
94,11
94,11
94,9
94,12
94,10
94,17
94,12
94,13
94,8
94,2
94,10
94,9
94,2
94,6
94,3
94,8
94,9
94,14
94,17
94,14
94,2
94,4
94,3
94,11
94,3
94,5
94,5
94,14
94,2
94,2
94,3
94,4
94,12
94,11
94,15
94,13
94,8
94,18
94,5
94,15
94,20
94,7
94,15
94,13
94,4
94,9
94,12
94,4
94,14
94,9
94,18
94,16
94,12
94,20
94,6
94,14
94,17
94,2
94,7
94,18
94,4
94,1
94,1
95,7
95,12
95,16
95,20
95,11
95,5
95,4
95,5
95,4
95,2
95,11
95,8
95,17
95,11
95,20
95,1
95,4
95,8
95,18
95,11
95,11
95,9
95,16
95,16
95,5
95,18
95,14
95,2
95,1
95,14
95,15
95,7
95,5
95,2
95,18
95,15
95,6
95,2
95,11
95,2
95,15
95,13
95,9
95,12
95,3
95,20
95,4
95,19
95,7
95,1
95,9
95,17
95,1
95,17
95,12
95,18
95,6
95,5
95,19
95,18
95,19
95,13
95,4
95,15
95,6
95,14
95,10
95,12
95,15
95,12
95,13
95,1
95,5
95,13
95,4
95,19
95,13
95,7
95,17
95,11
95,19
95,18
95,8
95,20
95,14
95,11
95,17
95,19
95,8
95,7
95,16
95,18
96,12
96,11
96,4
96,17
96,4
96,13
96,20
96,10
96,17
96,12
96,3
96,1
96,5
96,6
96,19
96,9
96,13
96,8
96,19
96,11
96,5
96,18
96,2
96,10
96,9
96,18
96,8
96,8
96,17
96,15
96,17
96,20
96,5
96,20
96,16
96,1
96,5
96,16
96,2
96,1
96,19
96,4
96,1
96,15
96,10
96,11
96,3
96,2
96,10
96,2
96,4
96,14
96,19
96,6
96,3
96,19
96,15
96,2
96,18
96,11
96,16
96,14
96,10
96,13
96,6
96,18
96,13
96,10
96,5
96,14
96,2
96,3
96,10
96,2
96,18
96,19
96,4
96,12
96,12
96,14
96,5
96,15
96,19
96,16
96,20
96,14
96,6
96,15
96,15
96,4
96,17
96,3
96,9
96,19
96,7
96,14
96,16
96,11
96,15
96,20
96,16
96,16
96,14
97,5
97,9
97,3
97,3
97,5
97,15
97,14
97,10
97,19
97,9
97,8
97,14
97,20
97,13
97,20
97,14
97,20
97,15
97,3
97,2
97,15
97,1
97,20
97,1
97,16
97,10
97,15
97,7
97,5
97,3
97,20
97,10
97,3
97,3
97,4
97,7
97,9
97,18
97,16
97,19
97,18
97,4
97,13
97,17
97,8
97,4
97,3
97,7
97,10
97,5
97,20
97,4
97,5
97,19
97,4
97,12
97,8
97,19
97,10
97,13
97,13
97,9
97,14
97,15
97,3
97,17
97,2
97,3
97,6
97,17
97,2
97,3
97,12
97,6
97,12
97,12
97,9
97,14
97,18
97,18
97,10
97,18
97,1
97,14
97,16
97,17
97,17
97,4
97,15
97,6
97,8
97,19
97,6
97,13
97,13
97,1
97,9
97,6
97,15
97,7
97,3
98,16
98,9
98,6
98,1
98,20
98,17
98,1
98,5
98,7
98,18
98,14
98,4
98,11
98,19
98,11
98,7
98,15
98,14
98,13
98,12
98,13
98,11
98,10
98,17
98,15
98,2
98,18
98,1
98,16
98,4
98,15
98,12
98,12
98,12
98,4
98,4
98,1
98,5
98,8
98,7
98,2
98,2
98,10
98,4
98,20
98,20
98,2
98,7
98,6
98,14
98,10
98,10
98,16
98,19
98,7
98,11
98,20
98,4
98,11
98,16
98,7
98,5
98,19
98,10
98,16
98,2
98,13
98,16
98,6
98,1
98,14
98,20
98,14
98,3
98,15
98,13
98,15
98,17
98,11
98,12
98,10
98,1
98,13
98,6
98,19
98,11
98,8
98,11
98,14
98,18
98,18
98,12
98,14
98,16
98,14
98,1
98,9
98,6
99,9
99,7
99,18
99,2
99,6
99,3
99,17
99,12
99,8
99,11
99,8
99,18
99,14
99,10
99,18
99,6
99,15
99,9
99,9
99,14
99,11
99,14
99,3
99,8
99,6
99,16
99,15
99,11
99,16
99,3
99,8
99,4
99,1
99,6
99,18
99,6
99,20
99,14
99,18
99,7
99,16
99,17
99,5
99,9
99,6
99,14
99,6
99,12
99,14
99,14
99,5
99,4
99,20
99,7
99,11
99,17
99,14
99,17
99,7
99,10
99,20
99,14
99,5
99,20
99,11
99,2
99,18
99,11
99,15
99,7
99,17
99,10
99,15
99,1
99,10
99,1
99,7
99,8
99,12
99,20
99,13
99,9
99,4
99,12
99,15
99,6
99,8
99,9
99,3
99,14
99,10
99,14
99,20
99,6
99,5
99,10
99,8
99,14
99,20
99,14
99,20
99,9
99,16
100,7
100,1
100,17
100,7
100,7
100,4
100,10
100,7
100,9
100,18
100,2
100,12
100,5
100,7
100,20
100,5
100,9
100,5
100,6
100,2
100,16
100,11
100,7
100,6
100,18
100,20
100,17
100,4
100,12
100,5
100,19
100,10
100,18
100,7
100,16
100,4
100,11
100,17
100,2
100,11
100,7
100,3
100,2
100,11
100,2
100,13
100,7
100,10
100,18
100,12
100,4
100,5
100,2
100,2
100,10
100,12
100,13
100,19
100,7
100,16
100,15
100,5
100,5
100,12
100,11
100,12
100,16
100,13
100,9
100,9
100,15
100,15
100,12
100,17
100,17
100,5
100,9
100,3
100,14
100,18
100,14
100,9
100,3
100,7
100,10
100,4
100,10
100,15
100,2
100,16
100,10
100,17
100,12
100,15
100,20
100,15
100,18
100,15
100,19
100,6
100,4
100,14
100,12
100,7
100,10
100,8
100,11
100,10
100,2
100,16
100,20
5
10